14 49 0.0015112728618573235
15 53 0.0016346420750701662
16 236 0.007278783579557722
17 126 0.0038861302162045462
18 806 0.02485889646238781
19 971 0.029947876507417575
20 910 0.02806649600592172
21 716 0.022083089165098848
22 944 0.029115134318230887
23 1071 0.03303210683773864
24 810 0.024982265675600655
25 1050 0.032384418468371215
26 980 0.03022545723714647
27 1263 0.0389538290719551
28 1113 0.03432748357647349
29 1340 0.041328686426302316
30 734 0.02263825062455664
31 1115 0.03438916818307991
32 796 0.024550473429355704
33 758 0.0233784659038337
34 869 0.026801961570490085
35 676 0.020849397032970424
36 1198 0.0369490793572464
37 522 0.016099682324275978
38 1006 0.03102735712302995
39 695 0.021435400795731425
40 723 0.022298985288221326
41 837 0.025815007864787343
42 978 0.03016377263054005
43 820 0.025290688708632762
44 1032 0.031829257008913425
45 690 0.021281189279215372
46 677 0.020880239336273632
47 831 0.025629954044968078
48 1026 0.03164420318909416
49 1060 0.03269284150140332
50 150 0.004626345495481602
51 188 0.005798353021003609
52 193 0.005952564537519662
53 47 0.0014495882552509021
54 26 0.0008018998858834778
55 62 0.0019122228047990623
56 76 0.002344015051044012
57 136 0.004194553249236653
58 262 0.0080806834654412
59 74 0.0022823304444375904
60 266 0.008204052678654043
61 226 0.006970360546525615
62 139 0.004287080159146285
63 183 0.005644141504487555
64 189 0.005829195324306819
65 79 0.002436541960953644
66 188 0.005798353021003609
67 128 0.003947814822810968
69 202 0.006230145267248558
70 26 0.0008018998858834778
71 85 0.002621595780772908
73 17 0.0005243191561545816
