14 0.0015112728618573235
15 0.0016346420750701662
16 0.007278783579557722
17 0.0038861302162045462
18 0.02485889646238781
19 0.029947876507417575
20 0.02806649600592172
21 0.022083089165098848
22 0.029115134318230887
23 0.03303210683773864
24 0.024982265675600655
25 0.032384418468371215
26 0.03022545723714647
27 0.0389538290719551
28 0.03432748357647349
29 0.041328686426302316
30 0.02263825062455664
31 0.03438916818307991
32 0.024550473429355704
33 0.0233784659038337
34 0.026801961570490085
35 0.020849397032970424
36 0.0369490793572464
37 0.016099682324275978
38 0.03102735712302995
39 0.021435400795731425
40 0.022298985288221326
41 0.025815007864787343
42 0.03016377263054005
43 0.025290688708632762
44 0.031829257008913425
45 0.021281189279215372
46 0.020880239336273632
47 0.025629954044968078
48 0.03164420318909416
49 0.03269284150140332
50 0.004626345495481602
51 0.005798353021003609
52 0.005952564537519662
53 0.0014495882552509021
54 0.0008018998858834778
55 0.0019122228047990623
56 0.002344015051044012
57 0.004194553249236653
58 0.0080806834654412
59 0.0022823304444375904
60 0.008204052678654043
61 0.006970360546525615
62 0.004287080159146285
63 0.005644141504487555
64 0.005829195324306819
65 0.002436541960953644
66 0.005798353021003609
67 0.003947814822810968
69 0.006230145267248558
70 0.0008018998858834778
71 0.002621595780772908
73 0.0005243191561545816
